# This file may be used to create an environment using:
# $ conda create --name <env> --file <this file>
# platform: win-64
# created-by: conda 25.1.1
annotated-types=0.7.0=pypi_0
anyio=4.9.0=pypi_0
bzip2=1.0.8=h2bbff1b_6
ca-certificates=2025.7.14=h4c7d964_0
certifi=2025.7.14=pypi_0
cffi=1.17.1=pypi_0
charset-normalizer=3.4.2=pypi_0
colorama=0.4.6=pypi_0
cryptography=45.0.5=pypi_0
cudatoolkit=11.8.0=h09e9e62_13
expat=2.7.1=h8ddb27b_0
faiss=1.9.0=py311cuda118he08421d_0_cuda
faiss-gpu=1.9.0=hef1f8eb_0
filelock=3.13.1=pypi_0
fsspec=2024.6.1=pypi_0
h11=0.14.0=pypi_0
httpcore=0.17.3=pypi_0
httpx=0.24.1=pypi_0
huggingface-hub=0.33.4=pypi_0
idna=3.10=pypi_0
intel-openmp=2024.2.1=h57928b3_1083
jinja2=3.1.4=pypi_0
joblib=1.5.1=pypi_0
libblas=3.9.0=32_h641d27c_mkl
libcblas=3.9.0=32_h5e41251_mkl
libfaiss=1.9.0=cuda118h51f90d9_0_cuda
libffi=3.4.4=hd77b12b_1
libhwloc=2.11.2=default_ha69328c_1001
libiconv=1.18=h135ad9c_1
liblapack=3.9.0=32_h1aa476e_mkl
libwinpthread=12.0.0.r4.gg4f2fc60ca=h57928b3_9
libxml2=2.13.8=h866ff63_0
markupsafe=2.1.5=pypi_0
mkl=2024.2.2=h66d3029_15
mpmath=1.3.0=pypi_0
networkx=3.3=pypi_0
numpy=1.26.4=py311h0b4df5a_0
openssl=3.5.1=h725018a_0
packaging=25.0=pypi_0
pdfminer-six=20250506=pypi_0
pillow=11.0.0=pypi_0
pip=25.1=pyhc872135_2
pycparser=2.22=pypi_0
pycryptodome=3.23.0=pypi_0
pydantic=2.11.7=pypi_0
pydantic-core=2.33.2=pypi_0
python=3.11.13=h981015d_0
python-telegram-bot=20.3=pypi_0
python_abi=3.11=2_cp311
pyyaml=6.0.2=pypi_0
regex=2024.11.6=pypi_0
replicate=1.0.7=pypi_0
requests=2.32.4=pypi_0
safetensors=0.5.3=pypi_0
scikit-learn=1.7.0=pypi_0
scipy=1.16.0=pypi_0
sentence-transformers=5.0.0=pypi_0
setuptools=78.1.1=py311haa95532_0
sniffio=1.3.1=pypi_0
sqlite=3.45.3=h2bbff1b_0
sympy=1.13.1=pypi_0
tbb=2021.13.0=h62715c5_1
threadpoolctl=3.6.0=pypi_0
tk=8.6.14=h5e9d12e_1
tokenizers=0.21.2=pypi_0
torch=2.5.1+cu121=pypi_0
torchaudio=2.5.1+cu121=pypi_0
torchvision=0.20.1+cu121=pypi_0
tqdm=4.67.1=pypi_0
transformers=4.53.2=pypi_0
typing-extensions=4.14.1=pypi_0
typing-inspection=0.4.1=pypi_0
tzdata=2025b=h04d1e81_0
ucrt=10.0.22621.0=haa95532_0
urllib3=2.5.0=pypi_0
vc=14.3=h2df5915_10
vc14_runtime=14.44.35208=h4927774_10
vs2015_runtime=14.44.35208=ha6b5a95_10
wheel=0.45.1=py311haa95532_0
xz=5.6.4=h4754444_1
zlib=1.2.13=h8cc25b3_1
